name,class,TG,CA,AG,CT,GA,TC,AC,GT,CC,GG,AA,TT,AT,TA,CG,GC
Abrus_precatorius,Eudicotyledons,1.26,1.26,1.08,1.07,1.09,1.1,0.84,0.83,0.86,0.85,0.83,0.83,0.95,0.63,0.4,1.03
Aegilops_tauschii_subsp._strangulata,Monocotyledans,1.21,1.21,1.08,1.07,1.09,1.1,0.87,0.87,0.79,0.79,0.8,0.8,1,0.65,0.68,1.07
Amborella_trichopoda,Ambroellales,1.22,1.22,1.11,1.1,1.13,1.13,0.79,0.78,0.87,0.87,0.83,0.83,0.96,0.62,0.45,1.01
Ananas_comosus,Monocotyledans,1.11,1.11,1.1,1.09,1.15,1.16,0.8,0.79,0.8,0.8,0.84,0.83,0.97,0.66,0.71,1.06
Arabidopsis_thaliana,Eudicotyledons,1.14,1.15,1.12,1.1,1.2,1.2,0.87,0.86,0.8,0.8,0.83,0.83,0.9,0.63,0.64,0.93
Arachis_duranensis,Eudicotyledons,1.23,1.23,1.08,1.07,1.11,1.11,0.84,0.83,0.85,0.84,0.83,0.83,0.95,0.64,0.48,1.04
Asparagus_officinalis,Monocotyledans,1.19,1.19,1.11,1.1,1.16,1.16,0.8,0.79,0.82,0.81,0.82,0.82,0.98,0.65,0.55,1.03
Bathycoccus_prasinos,Chlorophyta,0.85,0.85,0.83,0.83,1.26,1.26,0.98,0.98,0.65,0.65,0.97,0.96,0.86,0.54,1.6,0.99
Benincasa_hispida,Eudicotyledons,1.19,1.19,1.07,1.06,1.15,1.15,0.81,0.8,0.86,0.85,0.84,0.84,0.95,0.62,0.54,0.99
Beta_vulgaris_subsp._vulgaris,Eudicotyledons,1.22,1.22,1.1,1.09,1.11,1.11,0.84,0.83,0.84,0.83,0.82,0.82,0.95,0.67,0.49,1.03
Brachypodium_distachyon,Monocotyledans,1.22,1.22,1.09,1.08,1.1,1.11,0.86,0.85,0.79,0.79,0.82,0.82,0.99,0.63,0.63,1.08
Brassica_napus,Eudicotyledons,1.14,1.14,1.14,1.13,1.2,1.21,0.88,0.88,0.79,0.78,0.83,0.82,0.88,0.63,0.65,0.93
Cajanus_cajan,Eudicotyledons,1.26,1.26,1.08,1.06,1.09,1.1,0.85,0.84,0.86,0.86,0.83,0.83,0.94,0.63,0.42,1.02
Camelina_sativa,Eudicotyledons,1.15,1.15,1.12,1.11,1.2,1.2,0.87,0.87,0.8,0.8,0.83,0.83,0.89,0.63,0.63,0.92
Cannabis_sativa,Eudicotyledons,1.2,1.2,1.09,1.08,1.12,1.13,0.84,0.83,0.86,0.86,0.83,0.83,0.93,0.65,0.48,0.99
Capsella_rubella,Eudicotyledons,1.15,1.16,1.13,1.11,1.19,1.2,0.87,0.86,0.8,0.8,0.83,0.82,0.9,0.63,0.62,0.93
Capsicum_annuum,Eudicotyledons,1.22,1.23,1.09,1.07,1.1,1.11,0.85,0.85,0.85,0.85,0.82,0.82,0.94,0.67,0.48,1.02
Carica_papaya,Eudicotyledons,1.21,1.21,1.11,1.1,1.14,1.14,0.81,0.81,0.85,0.85,0.83,0.83,0.94,0.63,0.47,1.02
Carya_illinoinensis,Eudicotyledons,1.22,1.21,1.09,1.07,1.11,1.11,0.83,0.82,0.86,0.85,0.83,0.83,0.96,0.64,0.5,1.01
Chenopodium_quinoa,Eudicotyledons,1.21,1.21,1.08,1.07,1.08,1.09,0.84,0.83,0.86,0.86,0.83,0.82,0.94,0.68,0.48,1.04
Chlamydomonas_reinhardtii,Chlorophyta,1.35,1.35,1.09,1.07,0.83,0.84,0.94,0.93,0.68,0.68,0.81,0.81,0.93,0.64,0.94,1.28
Chlorella_variabilis,Chlorophyta,1.47,1.46,1.21,1.19,0.81,0.81,0.83,0.82,0.69,0.68,0.73,0.73,0.95,0.46,0.82,1.3
Chondrus_crispus,Rhodophyta,1.12,1.12,0.99,0.99,1.12,1.11,0.92,0.92,0.71,0.71,0.87,0.87,0.97,0.61,1.03,1.09
Cicer_arietinum,Eudicotyledons,1.25,1.24,1.05,1.03,1.1,1.11,0.87,0.86,0.86,0.85,0.83,0.82,0.94,0.66,0.47,1
Citrus_clementina,Eudicotyledons,1.24,1.24,1.09,1.07,1.1,1.11,0.82,0.81,0.84,0.83,0.84,0.84,0.94,0.62,0.49,1.08
Coccomyxa_subellipsoidea_C-169,Chlorophyta,1.4,1.4,1.18,1.16,0.99,0.99,0.82,0.81,0.71,0.7,0.77,0.76,1.03,0.45,0.71,1.23
Coffea_arabica,Eudicotyledons,1.24,1.24,1.11,1.1,1.1,1.11,0.81,0.8,0.86,0.85,0.84,0.83,0.94,0.63,0.45,1.07
Coffea_eugenioides,Eudicotyledons,1.24,1.24,1.11,1.1,1.11,1.11,0.81,0.8,0.86,0.85,0.84,0.84,0.95,0.63,0.45,1.06
Cucumis_sativus,Eudicotyledons,1.19,1.19,1.07,1.06,1.14,1.15,0.82,0.81,0.86,0.86,0.84,0.84,0.94,0.62,0.53,0.98
Cucurbita_maxima,Eudicotyledons,1.17,1.17,1.08,1.06,1.16,1.17,0.81,0.8,0.84,0.83,0.85,0.85,0.95,0.61,0.61,1
Cynara_cardunculus_var._scolymus,Eudicotyledons,1.21,1.21,1.03,1.01,1.13,1.14,0.85,0.85,0.84,0.84,0.83,0.83,0.98,0.63,0.61,0.97
Daucus_carota_subsp._sativus,Eudicotyledons,1.22,1.23,1.09,1.08,1.09,1.1,0.86,0.85,0.83,0.83,0.81,0.81,0.96,0.69,0.51,1.05
Durio_zibethinus,Eudicotyledons,1.24,1.24,1.1,1.08,1.1,1.1,0.8,0.8,0.88,0.87,0.84,0.84,0.93,0.63,0.41,1.06
Elaeis_guineensis,Monocotyledans,1.24,1.24,1.12,1.1,1.14,1.15,0.78,0.78,0.85,0.85,0.82,0.82,0.99,0.62,0.45,1.03
Erigeron_canadensis,Eudicotyledons,1.22,1.22,1.01,1,1.07,1.08,0.89,0.88,0.87,0.86,0.82,0.82,0.97,0.7,0.58,0.98
Erythranthe_guttata,Eudicotyledons,1.09,1.1,0.99,0.98,1.13,1.14,0.85,0.84,0.82,0.82,0.85,0.85,0.97,0.67,0.86,1
Eucalyptus_grandis,Eudicotyledons,1.18,1.18,1.11,1.1,1.18,1.19,0.81,0.8,0.81,0.81,0.84,0.84,0.97,0.58,0.61,1.01
Eutrema_salsugineum,Eudicotyledons,1.13,1.13,1.12,1.11,1.22,1.22,0.85,0.84,0.79,0.79,0.84,0.83,0.91,0.61,0.68,0.94
Fragaria_vesca_subsp._vesca,Eudicotyledons,1.23,1.23,1.11,1.1,1.12,1.13,0.85,0.85,0.84,0.83,0.82,0.82,0.94,0.64,0.48,1
Galdieria_sulphuraria,Rhodophyta,1.14,1.14,1.05,1.05,1.14,1.15,0.93,0.93,0.82,0.82,0.84,0.84,0.86,0.66,0.74,0.92
Glycine_max,Eudicotyledons,1.26,1.26,1.08,1.07,1.09,1.09,0.85,0.84,0.86,0.86,0.83,0.83,0.94,0.64,0.4,1.02
Gossypium_arboreum,Eudicotyledons,1.2,1.2,1.07,1.06,1.1,1.11,0.82,0.81,0.88,0.87,0.84,0.84,0.94,0.64,0.5,1.03
Helianthus_annuus,Eudicotyledons,1.17,1.17,0.96,0.95,1.07,1.08,0.92,0.91,0.85,0.85,0.83,0.83,0.95,0.69,0.74,0.94
Hevea_brasiliensis,Eudicotyledons,1.25,1.25,1.11,1.1,1.1,1.11,0.79,0.79,0.86,0.86,0.83,0.83,0.95,0.63,0.39,1.08
Hibiscus_syriacus,Eudicotyledons,1.18,1.18,1.06,1.05,1.14,1.14,0.82,0.82,0.86,0.85,0.85,0.85,0.96,0.62,0.59,0.99
Hordeum_vulgare_subsp._vulgare,Monocotyledans,1.19,1.19,1.08,1.06,1.12,1.12,0.87,0.87,0.79,0.78,0.8,0.81,1.01,0.65,0.71,1.05
Ipomoea_triloba,Eudicotyledons,1.21,1.22,1.08,1.07,1.1,1.11,0.82,0.82,0.85,0.84,0.83,0.83,0.97,0.65,0.51,1.04
Jatropha_curcas,Eudicotyledons,1.22,1.23,1.11,1.1,1.11,1.11,0.8,0.79,0.86,0.86,0.83,0.83,0.94,0.65,0.43,1.09
Juglans_regia,Eudicotyledons,1.22,1.22,1.1,1.09,1.12,1.12,0.82,0.81,0.85,0.85,0.83,0.83,0.95,0.63,0.49,1.01
Lactuca_sativa,Eudicotyledons,1.21,1.22,0.99,0.98,1.11,1.12,0.88,0.88,0.88,0.87,0.83,0.83,0.96,0.66,0.56,0.92
Lupinus_angustifolius,Eudicotyledons,1.26,1.26,1.09,1.08,1.11,1.11,0.85,0.84,0.86,0.85,0.82,0.82,0.95,0.65,0.41,1.01
Macadamia_integrifolia,Proteales,1.22,1.22,1.12,1.11,1.15,1.15,0.81,0.81,0.87,0.87,0.83,0.83,0.95,0.62,0.42,0.96
Malus_domestica,Eudicotyledons,1.2,1.2,1.07,1.06,1.11,1.12,0.84,0.83,0.84,0.84,0.84,0.84,0.93,0.62,0.58,1.01
Manihot_esculenta,Eudicotyledons,1.24,1.24,1.12,1.11,1.12,1.12,0.79,0.79,0.86,0.85,0.83,0.83,0.95,0.63,0.41,1.07
Medicago_truncatula,Eudicotyledons,1.25,1.25,1.05,1.04,1.11,1.11,0.87,0.86,0.86,0.85,0.83,0.83,0.94,0.65,0.48,0.99
Micromonas_commoda,Chlorophyta,0.93,0.93,0.92,0.92,1.3,1.3,1.03,1.02,0.65,0.65,0.89,0.89,0.99,0.48,1.25,1.01
Monoraphidium_neglectum,Chlorophyta,1.31,1.31,1.14,1.11,0.9,0.91,0.86,0.86,0.65,0.65,0.81,0.8,0.96,0.47,0.99,1.27
Morus_notabilis,Eudicotyledons,1.17,1.17,1.09,1.07,1.14,1.14,0.82,0.81,0.84,0.84,0.86,0.86,0.93,0.61,0.6,1.01
Musa_acuminata_subsp._malaccensis,Monocotyledans,1.22,1.22,1.11,1.1,1.18,1.18,0.82,0.82,0.81,0.81,0.82,0.82,0.99,0.6,0.55,1.01
Nelumbo_nucifera,Proteales,1.23,1.23,1.11,1.1,1.14,1.14,0.82,0.81,0.86,0.86,0.83,0.83,0.95,0.62,0.43,0.98
Nicotiana_tabacum,Eudicotyledons,1.21,1.21,1.11,1.1,1.1,1.11,0.84,0.83,0.85,0.85,0.82,0.82,0.93,0.67,0.48,1.04
Nymphaea_colorata,Nynphaeales,1.24,1.24,1.11,1.1,1.13,1.14,0.82,0.81,0.83,0.82,0.84,0.84,0.95,0.59,0.51,1.04
Olea_europaea_var._sylvestris,Eudicotyledons,1.21,1.21,1.06,1.05,1.12,1.12,0.82,0.82,0.86,0.85,0.83,0.83,0.96,0.65,0.53,1.02
Oryza_brachyantha,Monocotyledans,1.23,1.23,1.09,1.08,1.11,1.12,0.86,0.85,0.78,0.78,0.81,0.81,1,0.63,0.58,1.08
Ostreococcus_lucimarinus_CCE9901,Chlorophyta,0.88,0.88,0.76,0.76,1.27,1.27,1.01,1.01,0.53,0.53,0.99,0.98,1.05,0.51,1.62,1.17
Panicum_hallii,Monocotyledans,1.23,1.23,1.1,1.09,1.1,1.11,0.85,0.84,0.78,0.78,0.82,0.81,0.99,0.62,0.6,1.09
Papaver_somniferum,Rananculales,1.2,1.2,1.08,1.07,1.12,1.13,0.87,0.87,0.85,0.85,0.82,0.82,0.93,0.68,0.54,0.95
Phalaenopsis_equestris,Monocotyledans,1.17,1.17,1.1,1.09,1.15,1.15,0.76,0.75,0.84,0.83,0.84,0.84,0.98,0.63,0.57,1.1
Phaseolus_vulgaris,Eudicotyledons,1.26,1.26,1.09,1.07,1.11,1.11,0.86,0.85,0.86,0.85,0.84,0.83,0.93,0.61,0.41,0.99
Phoenix_dactylifera,Monocotyledans,1.22,1.22,1.12,1.11,1.14,1.15,0.78,0.77,0.85,0.85,0.82,0.82,0.99,0.62,0.47,1.04
Physcomitrium_patens,Eudicotyledons,1.21,1.21,1.08,1.07,1.12,1.12,0.88,0.88,0.76,0.76,0.84,0.84,0.94,0.61,0.73,1.06
Pistacia_vera,Eudicotyledons,1.24,1.24,1.09,1.08,1.11,1.12,0.83,0.83,0.85,0.85,0.84,0.83,0.94,0.63,0.45,1.03
Populus_alba,Eudicotyledons,1.24,1.24,1.11,1.11,1.12,1.12,0.81,0.8,0.85,0.85,0.83,0.83,0.94,0.62,0.44,1.05
Prosopis_alba,Eudicotyledons,1.22,1.22,1.1,1.09,1.13,1.13,0.81,0.8,0.84,0.84,0.84,0.83,0.96,0.62,0.48,1.03
Prunus_avium,Eudicotyledons,1.24,1.24,1.1,1.09,1.11,1.11,0.82,0.82,0.85,0.85,0.84,0.84,0.93,0.61,0.45,1.03
Punica_granatum,Eudicotyledons,1.15,1.15,1.13,1.12,1.2,1.2,0.79,0.79,0.82,0.82,0.83,0.83,0.99,0.61,0.64,0.97
Pyrus_x_bretschneideri,Eudicotyledons,1.2,1.21,1.08,1.06,1.12,1.12,0.84,0.83,0.84,0.83,0.85,0.85,0.93,0.61,0.58,1.02
Quercus_lobata,Eudicotyledons,1.25,1.25,1.1,1.09,1.09,1.09,0.83,0.83,0.88,0.87,0.83,0.83,0.93,0.65,0.38,1.02
Raphanus_sativus,Eudicotyledons,1.14,1.14,1.15,1.14,1.21,1.22,0.89,0.88,0.79,0.78,0.82,0.82,0.88,0.63,0.64,0.92
Ricinus_communis,Eudicotyledons,1.23,1.23,1.12,1.11,1.1,1.11,0.8,0.8,0.85,0.85,0.82,0.82,0.95,0.66,0.42,1.09
Rosa_chinensis,Eudicotyledons,1.23,1.23,1.11,1.1,1.12,1.12,0.84,0.83,0.84,0.84,0.83,0.83,0.93,0.63,0.46,1.01
Salvia_splendens,Eudicotyledons,1.19,1.19,1.08,1.07,1.13,1.14,0.82,0.81,0.82,0.82,0.83,0.82,0.98,0.64,0.6,1.05
Selaginella_moellendorffii,Lycopodiopsida,1.11,1.11,1.12,1.11,1.2,1.2,0.81,0.8,0.73,0.73,0.86,0.85,0.93,0.53,0.9,1.1
Sesamum_indicum,Eudicotyledons,1.23,1.22,1.09,1.08,1.12,1.13,0.83,0.82,0.84,0.83,0.83,0.83,0.96,0.63,0.52,1.03
Setaria_italica,Monocotyledans,1.23,1.24,1.1,1.09,1.1,1.11,0.86,0.85,0.78,0.78,0.82,0.81,0.99,0.62,0.6,1.09
Solanum_tuberosum,Eudicotyledons,1.24,1.24,1.09,1.08,1.12,1.12,0.85,0.84,0.85,0.84,0.82,0.82,0.94,0.65,0.45,1.01
Sorghum_bicolor,Monocotyledans,1.24,1.24,1.09,1.08,1.08,1.09,0.87,0.86,0.78,0.78,0.8,0.8,0.99,0.64,0.58,1.09
Spinacia_oleracea,Eudicotyledons,1.2,1.21,1.07,1.06,1.1,1.1,0.86,0.85,0.85,0.85,0.83,0.83,0.94,0.67,0.53,0.99
Tarenaya_hassleriana,Eudicotyledons,1.11,1.11,1.08,1.06,1.24,1.24,0.83,0.83,0.81,0.81,0.84,0.85,0.95,0.57,0.74,0.91
Telopea_speciosissima,Proteales,1.24,1.24,1.12,1.11,1.15,1.15,0.81,0.81,0.86,0.85,0.83,0.83,0.96,0.61,0.42,0.98
Theobroma_cacao,Eudicotyledons,1.24,1.24,1.11,1.1,1.1,1.11,0.81,0.8,0.87,0.86,0.84,0.84,0.93,0.62,0.42,1.06
Trifolium_pratense,Eudicotyledons,1.24,1.24,1.04,1.03,1.1,1.11,0.87,0.86,0.86,0.85,0.83,0.82,0.95,0.66,0.49,1
Tripterygium_wilfordii,Eudicotyledons,1.23,1.23,1.09,1.08,1.13,1.13,0.83,0.82,0.84,0.84,0.83,0.83,0.96,0.63,0.49,1.02
Triticum_dicoccoides,Monocotyledans,1.22,1.22,1.08,1.07,1.1,1.1,0.87,0.87,0.79,0.79,0.8,0.8,1.01,0.64,0.67,1.07
Vigna_angularis,Eudicotyledons,1.25,1.25,1.08,1.07,1.11,1.12,0.86,0.85,0.85,0.85,0.83,0.83,0.93,0.62,0.44,0.99
Vitis_riparia,Eudicotyledons,1.25,1.25,1.11,1.1,1.13,1.13,0.8,0.79,0.88,0.87,0.83,0.83,0.96,0.6,0.38,1
Volvox_carteri_f._nagariensis,Chlorophyta,1.24,1.25,1.04,1.02,0.93,0.93,0.95,0.94,0.73,0.73,0.83,0.83,0.97,0.67,0.92,1.16
Zea_mays,Monocotyledans,1.22,1.22,1.09,1.08,1.09,1.1,0.88,0.87,0.78,0.78,0.8,0.81,0.98,0.65,0.62,1.08
Zingiber_officinale,Monocotyledans,1.19,1.19,1.1,1.09,1.17,1.17,0.81,0.8,0.81,0.81,0.83,0.83,0.98,0.62,0.56,1.04
Ziziphus_jujuba,Eudicotyledons,1.22,1.22,1.09,1.08,1.1,1.11,0.81,0.81,0.88,0.88,0.84,0.83,0.94,0.63,0.44,1.04
