name	class	TG	CA	AG	CT	GA	TC	AC	GT	CC	GG	AA	TT	AT	TA	CG	GC
Arachis_duranensis	plants	1.23	1.23	1.08	1.07	1.11	1.11	0.84	0.83	0.85	0.84	0.83	0.83	0.95	0.64	0.48	1.04
Volvox_carteri_f._nagariensis	plants	1.24	1.25	1.04	1.02	0.93	0.93	0.95	0.94	0.73	0.73	0.83	0.83	0.97	0.67	0.92	1.16
Arabidopsis_thaliana	plants	1.14	1.15	1.12	1.1	1.2	1.2	0.87	0.86	0.8	0.8	0.83	0.83	0.9	0.63	0.64	0.93
Chlorella_variabilis	plants	1.47	1.46	1.21	1.19	0.81	0.81	0.83	0.82	0.69	0.68	0.73	0.73	0.95	0.46	0.82	1.3
Cucurbita_pepo_subsp._pepo	plants	1.17	1.17	1.07	1.06	1.17	1.17	0.81	0.8	0.83	0.83	0.85	0.85	0.96	0.61	0.62	1
Panicum_hallii	plants	1.23	1.23	1.1	1.09	1.1	1.11	0.85	0.84	0.78	0.78	0.82	0.81	0.99	0.62	0.6	1.09
Medicago_truncatula	plants	1.25	1.25	1.05	1.04	1.11	1.11	0.87	0.86	0.86	0.85	0.83	0.83	0.94	0.65	0.48	0.99
Beta_vulgaris_subsp._vulgaris	plants	1.22	1.22	1.1	1.09	1.11	1.11	0.84	0.83	0.84	0.83	0.82	0.82	0.95	0.67	0.49	1.03
Salvia_splendens	plants	1.19	1.19	1.08	1.07	1.13	1.14	0.82	0.81	0.82	0.82	0.83	0.82	0.98	0.64	0.6	1.05
Nicotiana_tabacum	plants	1.21	1.21	1.11	1.1	1.1	1.11	0.84	0.83	0.85	0.85	0.82	0.82	0.93	0.67	0.48	1.04
Zea_mays	plants	1.22	1.22	1.09	1.08	1.09	1.1	0.88	0.87	0.78	0.78	0.8	0.81	0.98	0.65	0.62	1.08
Pistacia_vera	plants	1.24	1.24	1.09	1.08	1.11	1.12	0.83	0.83	0.85	0.85	0.84	0.83	0.94	0.63	0.45	1.03
Cajanus_cajan	plants	1.26	1.26	1.08	1.06	1.09	1.1	0.85	0.84	0.86	0.86	0.83	0.83	0.94	0.63	0.42	1.02
Monoraphidium_neglectum	plants	1.31	1.31	1.14	1.11	0.9	0.91	0.86	0.86	0.65	0.65	0.81	0.8	0.96	0.47	0.99	1.27
Chlamydomonas_reinhardtii	plants	1.35	1.35	1.09	1.07	0.83	0.84	0.94	0.93	0.68	0.68	0.81	0.81	0.93	0.64	0.94	1.28
Eutrema_salsugineum	plants	1.13	1.13	1.12	1.11	1.22	1.22	0.85	0.84	0.79	0.79	0.84	0.83	0.91	0.61	0.68	0.94
Citrus_clementina	plants	1.24	1.24	1.09	1.07	1.1	1.11	0.82	0.81	0.84	0.83	0.84	0.84	0.94	0.62	0.49	1.08
Prunus_dulcis	plants	1.24	1.25	1.1	1.09	1.11	1.11	0.82	0.82	0.85	0.845	0.84	0.84	0.93	0.61	0.46	1.04
Arachis_hypogaea	plants	1.23	1.23	1.09	1.08	1.11	1.11	0.84	0.83	0.85	0.84	0.83	0.83	0.95	0.64	0.48	1.04
Cannabis_sativa	plants	1.2	1.2	1.09	1.08	1.12	1.13	0.84	0.83	0.86	0.86	0.83	0.83	0.93	0.65	0.48	0.99
Solanum_tuberosum	plants	1.24	1.24	1.09	1.08	1.12	1.12	0.85	0.84	0.85	0.84	0.82	0.82	0.94	0.65	0.45	1.01
Arachis_ipaensis	plants	1.23	1.23	1.08	1.07	1.11	1.11	0.84	0.83	0.85	0.84	0.83	0.83	0.95	0.65	0.48	1.05
Phoenix_dactylifera	plants	1.22	1.22	1.12	1.11	1.14	1.15	0.78	0.77	0.85	0.85	0.82	0.82	0.99	0.62	0.47	1.04
Prunus_avium	plants	1.24	1.24	1.1	1.09	1.11	1.11	0.82	0.82	0.85	0.85	0.84	0.84	0.93	0.61	0.45	1.03
Daucus_carota_subsp._sativus	plants	1.22	1.23	1.09	1.08	1.09	1.1	0.86	0.85	0.83	0.83	0.81	0.81	0.96	0.69	0.51	1.05
Citrus_sinensis	plants	1.23	1.23	1.08	1.07	1.1	1.1	0.82	0.81	0.84	0.84	0.84	0.84	0.94	0.63	0.49	1.08
Jatropha_curcas	plants	1.22	1.23	1.11	1.1	1.11	1.11	0.8	0.79	0.86	0.86	0.83	0.83	0.94	0.65	0.43	1.09
Juglans_regia	plants	1.22	1.22	1.1	1.09	1.12	1.12	0.82	0.81	0.85	0.85	0.83	0.83	0.95	0.63	0.49	1.01
Chenopodium_quinoa	plants	1.21	1.21	1.08	1.07	1.08	1.09	0.84	0.83	0.86	0.86	0.83	0.82	0.94	0.68	0.48	1.04
Erythranthe_guttata	plants	1.09	1.1	0.99	0.98	1.13	1.14	0.85	0.84	0.82	0.82	0.85	0.85	0.97	0.67	0.86	1
Setaria_italica	plants	1.23	1.24	1.1	1.09	1.1	1.11	0.86	0.85	0.78	0.78	0.82	0.81	0.99	0.62	0.6	1.09
Coffea_arabica	plants	1.24	1.24	1.11	1.1	1.1	1.11	0.81	0.8	0.86	0.85	0.84	0.83	0.94	0.63	0.45	1.07
Cucurbita_maxima	plants	1.17	1.17	1.08	1.06	1.16	1.17	0.81	0.8	0.84	0.83	0.85	0.85	0.95	0.61	0.61	1
Oryza_sativa_Japonica_Group	plants	1.22	1.22	1.08	1.07	1.1	1.11	0.85	0.85	0.79	0.79	0.81	0.81	1.01	0.64	0.59	1.09
Camelina_sativa	plants	1.15	1.15	1.12	1.11	1.2	1.2	0.87	0.87	0.8	0.8	0.83	0.83	0.89	0.63	0.63	0.92
Micromonas_pusilla_CCMP1545	plants	0.73	0.73	0.84	0.84	1.44	1.44	1.09	1.09	0.54	0.54	0.94	0.93	0.97	0.48	1.54	1.08
Amborella_trichopoda	plants	1.22	1.22	1.11	1.1	1.13	1.13	0.79	0.78	0.87	0.87	0.83	0.83	0.96	0.62	0.45	1.01
Nicotiana_attenuata	plants	1.22	1.22	1.11	1.1	1.11	1.11	0.84	0.83	0.85	0.84	0.82	0.82	0.94	0.67	0.48	1.05
Ipomoea_triloba	plants	1.21	1.22	1.08	1.07	1.1	1.11	0.82	0.82	0.85	0.84	0.83	0.83	0.97	0.65	0.51	1.04
Abrus_precatorius	plants	1.26	1.26	1.08	1.07	1.09	1.1	0.84	0.83	0.86	0.85	0.83	0.83	0.95	0.63	0.4	1.03
Sorghum_bicolor	plants	1.24	1.24	1.09	1.08	1.08	1.09	0.87	0.86	0.78	0.78	0.8	0.8	0.99	0.64	0.58	1.09
Vigna_radiata_var._radiata	plants	1.25	1.25	1.08	1.07	1.11	1.12	0.86	0.85	0.85	0.85	0.83	0.83	0.93	0.62	0.44	0.99
Hordeum_vulgare_subsp._vulgare	plants	1.19	1.19	1.08	1.06	1.12	1.12	0.87	0.87	0.79	0.78	0.8	0.81	1.01	0.65	0.71	1.05
Olea_europaea_var._sylvestris	plants	1.21	1.21	1.06	1.05	1.12	1.12	0.82	0.82	0.86	0.85	0.83	0.83	0.96	0.65	0.53	1.02
Trifolium_pratense	plants	1.24	1.24	1.04	1.03	1.1	1.11	0.87	0.86	0.86	0.85	0.83	0.82	0.95	0.66	0.49	1
Nymphaea_colorata	plants	1.24	1.24	1.11	1.1	1.13	1.14	0.82	0.81	0.83	0.82	0.84	0.84	0.95	0.59	0.51	1.04
Quercus_lobata	plants	1.25	1.25	1.1	1.09	1.09	1.09	0.83	0.83	0.88	0.87	0.83	0.83	0.93	0.65	0.38	1.02
Musa_acuminata_subsp._malaccensis	plants	1.22	1.22	1.11	1.1	1.18	1.18	0.82	0.82	0.81	0.81	0.82	0.82	0.99	0.6	0.55	1.01
Cynara_cardunculus_var._scolymus	plants	1.21	1.21	1.03	1.01	1.13	1.14	0.85	0.85	0.84	0.84	0.83	0.83	0.98	0.63	0.61	0.97
Benincasa_hispida	plants	1.19	1.19	1.07	1.06	1.15	1.15	0.81	0.8	0.86	0.85	0.84	0.84	0.95	0.62	0.54	0.99
Ziziphus_jujuba	plants	1.22	1.22	1.09	1.08	1.1	1.11	0.81	0.81	0.88	0.88	0.84	0.83	0.94	0.63	0.44	1.04
Prosopis_alba	plants	1.22	1.22	1.1	1.09	1.13	1.13	0.81	0.8	0.84	0.84	0.84	0.83	0.96	0.62	0.48	1.03
Selaginella_moellendorffii	plants	1.11	1.11	1.12	1.11	1.2	1.2	0.81	0.8	0.73	0.73	0.86	0.85	0.93	0.53	0.9	1.1
Aegilops_tauschii_subsp._strangulata	plants	1.21	1.21	1.08	1.07	1.09	1.1	0.87	0.87	0.79	0.79	0.8	0.8	1	0.65	0.68	1.07
Spinacia_oleracea	plants	1.2	1.21	1.07	1.06	1.1	1.1	0.86	0.85	0.85	0.85	0.83	0.83	0.94	0.67	0.53	0.99
Glycine_max	plants	1.26	1.26	1.08	1.07	1.09	1.09	0.85	0.84	0.86	0.86	0.83	0.83	0.94	0.64	0.4	1.02
Tripterygium_wilfordii	plants	1.23	1.23	1.09	1.08	1.13	1.13	0.83	0.82	0.84	0.84	0.83	0.83	0.96	0.63	0.49	1.02
Populus_alba	plants	1.24	1.24	1.11	1.11	1.12	1.12	0.81	0.8	0.85	0.85	0.83	0.83	0.94	0.62	0.44	1.05
Macadamia_integrifolia	plants	1.22	1.22	1.12	1.11	1.15	1.15	0.81	0.81	0.87	0.87	0.83	0.83	0.95	0.62	0.42	0.96
Populus_euphratica	plants	1.25	1.25	1.12	1.1	1.11	1.12	0.81	0.8	0.85	0.85	0.83	0.83	0.94	0.62	0.43	1.05
Brachypodium_distachyon	plants	1.22	1.22	1.09	1.08	1.1	1.11	0.86	0.85	0.79	0.79	0.82	0.82	0.99	0.63	0.63	1.08
Brassica_oleracea_var._oleracea	plants	1.14	1.15	1.14	1.13	1.21	1.21	0.88	0.88	0.79	0.78	0.83	0.82	0.88	0.63	0.65	0.93
Phaseolus_vulgaris	plants	1.26	1.26	1.09	1.07	1.11	1.11	0.86	0.85	0.86	0.85	0.84	0.83	0.93	0.61	0.41	0.99
Bathycoccus_prasinos	plants	0.85	0.85	0.83	0.83	1.26	1.26	0.98	0.98	0.65	0.65	0.97	0.96	0.86	0.54	1.6	0.99
Lactuca_sativa	plants	1.21	1.22	0.99	0.98	1.11	1.12	0.88	0.88	0.88	0.87	0.83	0.83	0.96	0.66	0.56	0.92
Ricinus_communis	plants	1.23	1.23	1.12	1.11	1.1	1.11	0.8	0.8	0.85	0.85	0.82	0.82	0.95	0.66	0.42	1.09
Morus_notabilis	plants	1.17	1.17	1.09	1.07	1.14	1.14	0.82	0.81	0.84	0.84	0.86	0.86	0.93	0.61	0.6	1.01
Gossypium_hirsutum	plants	1.19	1.19	1.07	1.06	1.09	1.1	0.82	0.81	0.88	0.88	0.84	0.84	0.94	0.65	0.51	1.03
Triticum_dicoccoides	plants	1.22	1.22	1.08	1.07	1.1	1.1	0.87	0.87	0.79	0.79	0.8	0.8	1.01	0.64	0.67	1.07
Papaver_somniferum	plants	1.2	1.2	1.08	1.07	1.12	1.13	0.87	0.87	0.85	0.85	0.82	0.82	0.93	0.68	0.54	0.95
Coccomyxa_subellipsoidea_C-169	plants	1.4	1.4	1.18	1.16	0.99	0.99	0.82	0.81	0.71	0.7	0.77	0.76	1.03	0.45	0.71	1.23
Fragaria_vesca_subsp._vesca	plants	1.23	1.23	1.11	1.1	1.12	1.13	0.85	0.85	0.84	0.83	0.82	0.82	0.94	0.64	0.48	1
