Chromosome	Feature	Start	End	strand	TG_ratio	CA_ratio	AG_ratio	CT_ratio	GA_ratio	TC_ratio	AC_ratio	GT_ratio	CC_ratio	GG_ratio	AT_ratio	TT_ratio	AT_ratio	TA_ratio	CG_ratio	GC_ratio
chrM	exon	+	577	647	1.3	1.23	0.97	1.02	0.65	0.82	1.07	0.86	0.78	0.86	0.81	0.65	0.81	0.97	0.41	1.23
chrM	exon	+	648	1601	0.95	0.96	1.31	1.14	0.79	0.79	0.95	1.21	0.83	0.84	0.68	0.88	0.68	1.11	0.65	1.08
chrM	exon	+	1602	1670	1.09	1.04	1.61	1.65	1.34	0.47	1.57	0.73	0.47	0.56	0.17	1.41	0.17	0.87	0.36	1.09
chrM	exon	+	1671	3229	0.94	0.9	1.22	1.1	0.92	0.8	0.93	1.03	0.99	1.03	0.82	0.91	0.82	1.08	0.6	0.93
chrM	exon	+	3230	3304	0.29	1.11	1.48	1.1	0.74	1.32	0.74	0.88	0.58	1.54	0.56	1.17	0.56	0.85	0.77	1.16
chrM	exon	+	3307	4262	1.05	0.9	1.04	1.19	1.07	0.95	0.97	0.52	0.75	1.29	1.07	0.75	1.07	1.17	0.77	1.09
chrM	exon	-	4329	4400	1.58	0.77	1.08	0.95	2.15	1.33	0.65	0.53	1.02	0.88	1.51	0.32	1.51	0.86	0.63	0.32
chrM	exon	+	4402	4469	0.61	0.39	0.81	0.88	0.27	0.66	0.59	1.52	1.03	1.19	1.04	0.7	1.04	1.87	0.86	0.86
chrM	exon	+	4470	5511	0.82	0.94	1.29	1.19	0.74	1.01	0.86	0.55	0.76	1.7	1.04	0.68	1.04	1.15	0.63	1.36
chrM	exon	-	5761	5826	1.03	0.96	1.09	1.13	1.09	1.13	0.24	0.26	0.76	0.99	1.06	1.0	1.06	0.21	0.87	1.74
chrM	exon	+	5904	7445	0.89	1.0	1.15	1.12	1.05	1.03	0.96	0.77	0.8	1.31	1.11	0.68	1.11	1.15	0.75	0.95
chrM	exon	+	7586	8269	0.97	0.93	1.0	1.08	1.1	1.04	0.98	0.86	0.75	1.05	1.06	0.72	1.06	1.06	0.91	0.88
chrM	exon	+	8366	8572	2.11	0.76	0.6	1.0	0.8	0.73	0.83	0.7	0.91	1.22	1.04	0.92	1.04	1.1	0.69	1.15
chrM	exon	+	8527	9207	1.16	0.97	0.98	1.16	0.89	0.88	1.0	0.5	0.78	1.35	1.05	0.79	1.05	1.14	0.75	1.33
chrM	exon	+	9207	9990	0.94	1.14	1.16	1.01	0.94	0.9	1.01	0.65	0.86	1.4	1.02	0.79	1.02	0.99	0.6	1.03
chrM	exon	+	10059	10404	0.98	0.57	1.2	1.16	1.2	0.71	0.9	0.62	0.93	1.01	0.94	0.84	0.94	1.27	0.82	1.19
chrM	exon	+	10470	10766	1.06	0.85	1.29	1.36	0.5	0.83	0.93	0.68	0.77	1.14	1.17	0.41	1.17	1.64	0.54	1.61
chrM	exon	+	10760	12137	0.97	1.0	1.14	1.27	0.87	0.98	1.07	0.6	0.65	1.47	0.92	0.72	0.92	1.12	0.66	1.17
chrM	exon	+	12138	12206	1.19	0.91	1.21	0.72	1.51	0.48	1.27	0.8	1.21	0.84	0.86	0.94	0.86	1.0	0.5	0.5
chrM	exon	+	12337	14148	0.84	1.01	1.41	1.17	0.82	1.06	0.88	0.7	0.74	1.38	0.96	0.8	0.96	1.05	0.61	1.23
chrM	exon	-	14149	14673	0.69	0.92	1.43	0.93	1.07	0.93	0.84	0.69	0.82	1.53	1.18	0.79	1.18	1.16	0.61	0.99
chrM	exon	-	14674	14742	1.51	1.02	0.29	0.76	1.45	1.01	1.45	1.01	0.63	0.84	1.05	0.91	1.05	0.7	1.68	0.42
chrM	exon	+	14747	15887	0.9	1.0	1.02	1.11	1.1	1.08	0.88	0.35	0.8	1.58	1.19	0.82	1.19	0.99	0.74	1.09
