Regions	TpG_ratio	CpA_ratio	ApG_ratio	CpT_ratio	GpA_ratio	TpC_ratio	ApC_ratio	GpT_ratio	CpC_ratio	GpG_ratio	ApA_ratio	TpT_ratio	ApT_ratio	TpA_ratio	CpG_ratio	GpC_ratio
Exon	 1.29	 1.29	 1.23	 1.22	 1.07	 1.08	 0.84	 0.83	 0.85	 0.85	0.78	 0.78	 0.86	 0.56	 0.37	 0.99
Intron	 1.22	 1.2	 1.18	 1.21	 0.97	 0.99	 0.86	 0.84	 0.94	 0.99	0.79	 0.8	 0.85	 0.74	 0.22	 1.0
Promoter	 1.15	 1.15	 1.2	 1.2	 1.01	 1.01	 0.81	 0.81	 0.91	 0.91	0.85	 0.85	 0.83	 0.69	 0.39	 0.99
Intergenic	 1.24	 1.23	 1.23	 1.23	 0.99	 0.99	 0.81	 0.81	 0.95	 0.95	0.82	 0.82	 0.83	 0.65	 0.29	 0.98
CpG island	 1.04	 1.04	 1.25	 1.25	 1.07	 1.06	 0.79	 0.79	 0.76	 0.76	0.94	 0.95	 0.71	 0.55	 0.84	 1.03
CAGE cluster	 1.21	 1.26	 1.22	 1.26	 1.01	 1.04	 0.82	 0.82	 0.86	 0.93	0.82	 0.8	 0.78	 0.62	 0.31	 0.97
Cis_regulatory regions	 1.26	 1.26	 1.25	 1.25	 1.02	 1.01	 0.84	 0.84	 0.87	 0.87	0.8	 0.8	 0.81	 0.65	 0.23	 1.01
Conserved region	 1.23	 1.08	 1.05	 1.12	 1.0	 1.03	 0.74	 0.785	 0.92	 0.91	0.885	 0.85	 0.89	 0.625	 0.47	 1.02
Enhancer region	 1.23	 1.23	 1.18	 1.18	 0.99	 0.99	 0.81	 0.82	 0.93	 0.93	0.82	 0.82	 0.85	 0.69	 0.24	 1.04
Meotic region	 1.21	 1.21	 1.19	 1.21	 1.02	 1.0	 0.86	 0.83	 0.96	 0.97	0.8	 0.79	 0.86	 0.72	 0.22	 0.94
LTR	 1.24	 1.24	 1.22	 1.22	 1.0	 1.0	 0.83	 0.83	 0.97	 0.97	0.81	 0.81	 0.85	 0.7	 0.17	 0.97
SINES	 1.25	 1.27	 1.23	 1.21	 0.95	 0.94	 0.85	 0.84	 0.94	 0.94	0.78	 0.78	 0.8	 0.69	 0.27	 1.07
LINES	 1.24	 1.25	 1.14	 1.14	 0.99	 0.99	 0.86	 0.87	 0.98	 0.98	0.77	 0.77	 0.92	 0.77	 0.19	 1.0
SVA	 1.18	 1.19	 1.29	 1.24	 1.07	 1.07	 0.75	 0.79	 0.92	 0.92	0.79	 0.8	 0.86	 0.51	 0.53	 0.84
Satellite	 1.33	 1.33	 1.17	 1.16	 1.04	 1.05	 0.91	 0.9	 0.91	 0.9	0.71	 0.7	 0.97	 0.74	 0.17	 0.88
Mitochondrial exon	0.97	 0.96	 1.15	1.11	0.94	0.93	0.93	0.7	0.78	1.19	1.04	0.79	1.04	1.08	0.66	1.09
